8096731704770262283
76577414358059936
3573709403679090150
883848769974887556
8675435196576681891
12277598775898502699
9105733082966167484
11497307332088440189
134904647257651475
11815367560617207378
14401109423660781102
13417879076884074809
3625427453859432316
10380512115050818836
14352104069528691108
10072867762344247909
13229775302337266973
2026990851667987075
10857669914335777358
8009330460829297770
3052044426767430919
1287457650362962292
4373657997819965772
12367792378481402436
8844828189103590876
8447609817831063862
10252601580463181823
12030138736909534883
1396783647575208170
12177075071163971862
4060951013551942494
883848769974887556
14772635790986320553
10362505246312222972
910645553182816825
4220036604922233732
3293415069205243348
11166682370058530086
6250691357246892993
10297390242324414450
5612186013789792545
6003162559046774408
2321933030288911952
3074557215843116238
14212142221676569390
12113227596478448723
4516089003824849859
6895113965637379120
12601321539474027758
635340463287365332
12457254616544225840
4087322092166590969
14870364511565757373
7877476283402101508
5546038590024906231
5999187188535685253
7615757701214530900
11450841912635310120
10380512115050818836
14352104069528691108
12015346954217975113
1385449010501652774
9696618591400869638
11296073189780349146
1549940966558455743
9594145818416843761
5548501428811016023
10366072725249471542
10430756388490835117
4573346986936272576
8203868903474175727
5221579375540290699
8240010423709650759
405083630887628617
5876496721288219050
5518904009144768001
8311570117904093728
12382634519069828632
7785728588283597594
10448110165388661846
14411980366737085480
1027096116361963925
6264361959510051475
1030853740882974961
4131635308586040035
4226297010677283111
